mu,VN,VCB,m112,m122,m222,lam1,lam2,lam3,lam4,lam5,yt,gp,g,gs,nvev1,nvev2,nvev3,cbvev1,cbvev2,cbvev3
246,-306123494.824132,-316583900.556984,-57028.2562085853,-4189.35674082019,-20773.4246455571,5.83142692774358,0.689762484943053,2.10171110240444,0.742662929394725,0.214192747456609,1.00388540780847,0.3497,0.652954,1.14572319144708,33.4731017014822,-243.71202568294,0,-131.914805019045,66.693869284415,41.2192127064915
248.51256281407,-308065363.392679,-317220451.852915,-57162.6383010819,-4191.88943538649,-20820.6512820885,5.85787746443244,0.691350607948178,2.10913841278778,0.744358252263459,0.214754139334624,1.0034271865663,0.349719265240186,0.652900263546068,1.14504632129809,40.0518398577209,-232.47928929506,2.92951872798238e-13,-139.009077516237,61.8887772070923,1.06138843629138e-11
251.025125628141,-308667377.38739,-317809754.54411,-57296.6033209623,-4194.40417511277,-20867.6380327962,5.88430246369842,0.692936810058304,2.11654476019228,0.746045951123129,0.215313126891329,1.0029743145239,0.34973833981386,0.652847080731445,1.14437744049488,40.0371838124144,-232.541256367372,1.86497869531588e-14,-139.042429983998,61.8646900528757,-1.2285684595461e-13
253.537688442211,-309268013.211806,-318401592.472358,-57430.1607674204,-4196.90129944557,-20914.3895942753,5.91070327992332,0.69452111913135,2.12393065553257,0.747726177098073,0.21586975771903,1.00252667572873,0.349757227488708,0.65279444039337,1.14371637482486,40.023247288486,-232.60396091526,4.1725880104778e-14,-139.077324899579,61.8389335981489,1.71737669734821e-13
256.050251256281,-309867316.313203,-318996023.595912,-57563.3198947836,-4199.3811382053,-20960.9105343415,5.9370812364458,0.696103562990869,2.13129659653579,0.749399077230851,0.216424078135619,1.00208415787145,0.349775931921536,0.65274233170202,1.14306295557148,40.0100297504754,-232.667395423277,6.59472107826137e-15,-139.11376319715,61.8115122225695,5.08582986016146e-13
258.562814070352,-310465331.467321,-319593106.189846,-57696.0897214941,-4201.84401195231,-21007.2052968468,5.96343762671642,0.697684169408368,2.1386430682295,0.751064794633741,0.216976133231602,1.00164665213668,0.349794456662588,0.652690744147429,1.14241701928844,39.997530675183,-232.73155321936,3.87277473085113e-13,-139.151745216468,61.7824302387076,-3.25667841733059e-13
261.075376884422,-311062102.803086,-320192898.858897,-57828.479038679,-4204.29023233573,-21053.2782062702,5.98977371540036,0.699262966087236,2.14597054340704,0.75272346863321,0.217525966914965,1.00121405306139,0.349812805159645,0.652639667527041,1.14177840758535,39.9857495613237,-232.796428510854,-2.87499406095317e-14,-139.191270797293,61.751691929268,-4.40616678142015e-14
263.587939698492,-311657673.827038,-320795460.551344,-57960.4964183328,-4206.72010242582,-21099.1334720957,6.01609073943078,0.700839980648136,2.15327948307178,0.754375234907733,0.218073621953985,1.00078625840022,0.349830980761942,0.652589091933855,1.14114696692409,39.9746859394057,-232.86201644134,-8.87898922862167e-16,-139.232339358114,61.719301578459,-1.22899197032462e-13
266.100502512563,-312252087.44758,-321400850.573728,-58092.1502211322,-4209.13391703091,-21144.7751929901,6.04238990901545,0.702415240615751,2.16057033686126,0.756020225619345,0.218619140018093,1.00036316899755,0.349848986723891,0.652539007745146,1.14052254842518,39.9643393823844,-232.928313176843,-3.58728721389808e-15,-139.274949962113,61.6852634986101,-4.27655272840897e-14
268.613065326633,-312845385.999203,-322009128.606229,-58223.4486039039,-4211.53196299974,-21190.207360791,6.0686724085992,0.703988773406776,2.16784354345237,0.757658569539254,0.219162561716914,0.999944688665744,0.349866826208628,0.652489405611707,1.13990500768369,39.9547095179893,-232.995316035298,-7.1021528141028e-14,-139.319101372671,61.6495820528915,1.37596472166047e-11
271.125628140703,-313437611.26692,-322620354.718577,-58354.3995267632,-4213.91451950997,-21235.4338643154,6.09493939778451,0.705560606319063,2.1750995309486,0.759290392167843,0.219703926637561,0.999530724069319,0.349884502291405,0.652440276447604,1.13929420459403,39.9457960442643,-233.063023682647,-1.43185443460582e-13,-139.364792100263,61.6122616748078,2.08087449543375e-12
273.638190954774,-314028804.511265,-323234589.386394,-58485.0107599426,-4216.28185834367,-21280.4584929984,6.12119201221242,0.707130766521822,2.18233871725027,0.760915815849364,0.220243273380298,0.999121184614654,0.349902017962817,0.652391611420402,1.13869000318324,39.9375987511154,-233.131436437266,-1.97433314179813e-14,-139.412020442213,61.5733068849975,-4.15988955597838e-13
276.150753768844,-314619006.494458,-323851893.50787,-58615.2898903235,-4218.63424415045,-21325.2849403719,6.14743136440586,0.708699281046794,2.18956151040871,0.762534959881596,0.220780639592632,0.998715982344954,0.349919376131885,0.652343401941836,1.13809227145212,39.9301175532937,-233.200556762169,-3.02336150191939e-16,-139.460784516506,61.5327223057654,-2.36154657246304e-11
278.663316582915,-315208257.508785,-324472328.420715,-58745.2443276897,-4220.97193469892,-21369.9168073908,6.17365854457738,0.710266176780327,2.19676830896514,0.764147940620745,0.221316062001941,0.998315031840139,0.349936579628998,0.652295639658916,1.13750088122393,39.923352546263,-233.270390110024,5.65333657742138e-15,-139.51108229063,61.490512673687,4.36277080236562e-14
281.175879396985,-315796597.40926,-325095955.919338,-58874.8813107149,-4223.29518111711,-21414.3576056148,6.19987462140304,0.711831480456279,2.20395950227513,0.765754871581821,0.221849576446703,0.997918250121423,0.349953631208732,0.652248316445423,1.13691570800014,39.9173041119135,-233.340946504908,-4.58119265716441e-15,-139.562911606239,61.4466828505674,-1.75622004775503e-13
283.688442211055,-316384065.655217,-325722838.272194,-59004.2079126989,-4225.6042281223,-21458.6107602542,6.22608064276413,0.713395218649689,2.21113547081929,0.767355863534738,0.222381217906395,0.997525556560283,0.349970533552529,0.65220142439379,1.13633663082287,39.9119731482418,-233.412243908142,-1.60781130057204e-15,-139.616270200294,61.4012378329793,2.3647455220516e-12
286.201005025126,-316970701.373359,-326353038.239275,-59133.2310470646,-4227.89931424111,-21502.6796130856,6.25227763645856,0.71495741777114,2.21829658650101,0.768951024596343,0.222911020530132,0.997136872791621,0.349987289271273,0.652154955807348,1.13576353214363,39.9073616826436,-233.48431702237,1.2763754731882e-15,-139.671155723221,61.3541827605687,1.02966596201448e-11
288.713567839196,-317556543.490447,-326986619.089719,-59261.9574726279,-4230.18067201998,-21546.5674252447,6.27846661088315,0.716518104061789,2.22544321293174,0.770540460318597,0.223439017664121,0.996752122630851,0.350003900907742,0.652108903192897,1.13519629769807,39.9034753208683,-233.557251956825,4.95015836062099e-14,-139.727565754541,61.3055229232817,-5.74467004061203e-14
291.226130653266,-318141631.392001,-327623644.619517,-59390.3937986522,-4232.4485282268,-21590.2773799019,6.30464855568844,0.718077303588977,2.23257570570463,0.77212427377308,0.223965241877968,0.996371231994729,0.350020370938964,0.652063259253621,1.13463481638637,39.9003388881992,-233.631406090794,2.35795538657984e-16,-139.785497816342,61.2552637676453,-4.30752113431264e-14
293.738693467337,-318726003.291334,-328264179.169292,-59518.5464896977,-4234.70310404408,-21633.8125848281,6.33082444240733,0.719635042242404,2.23969441265692,0.773702565632025,0.224489724989913,0.99599412882572,0.350036701778465,0.65201801688229,1.13407898015896,39.8978799633577,-233.705767503344,7.79452491652416e-14,-139.844949384914,61.2034109022072,3.85824189935175e-14
296.251256281407,-319309694.708931,-328908287.64215,-59646.4218702754,-4236.94461525396,-21677.1760748536,6.35699522505886,0.721191345730802,2.24679967412172,0.775275434246042,0.22501249809104,0.995620743019699,0.350052895778424,0.651973169154768,1.13352868390733,39.8961105771182,-233.78052737305,2.67873073804822e-16,-139.905917900805,61.1499701022293,-5.63144014961496e-12
298.763819095477,-319892741.769072,-329556035.521589,-59774.026129316,-4239.1732724157,-21720.3708142279,6.38316184072814,0.722746239579086,2.25389182316979,0.776842975718689,0.225533591568506,0.995251006356837,0.350068955231738,0.651928709323783,1.13298382535965,39.8950377369539,-233.855806938252,-8.01573397779508e-14,-139.968400777537,61.0949473137108,-2.02398505936037e-14
301.276381909548,-320475180.503486,-330207488.889462,-59901.3653244615,-4241.38928103577,-21763.3996988839,6.40932521012388,0.724299749125924,2.26097118584157,0.778405283978058,0.22605303512785,0.994884852435487,0.350084882374,0.651884630812971,1.13244430498095,39.8946627003261,-233.931651034474,5.85904963251935e-15,-140.032395409151,61.0383486568095,-3.43102568215556e-14
303.788944723618,-321057046.727713,-330862714.443985,-60028.4453861892,-4243.59284173108,-21806.2655586107,6.43548623811433,0.725851899521717,2.26803808137016,0.779962450845507,0.22657085781441,0.994522216608927,0.350100679385395,0.651840927211161,1.13191002587755,39.8949849262261,-234.00808666382,-1.78475428696613e-14,-140.097899176762,60.980180428717,1.12441778841626e-11
306.301507537688,-321638376.017324,-331521779.517798,-60155.2721217752,-4245.78415038563,-21848.971159141,6.46164581424273,0.727402715726936,2.27509282239554,0.781514566101676,0.227087088033907,0.994163035924804,0.350116348392519,0.651797592266899,1.13138089370571,39.8960026935092,-234.085135263689,-2.70730731947009e-14,-140.164909454253,60.9204491060389,9.36481823250443e-12
308.814070351759,-322219203.711742,-332184752.096073,-60281.8512191045,-4247.96339830085,-21891.519204156,6.48780481322324,0.728952222510797,2.2821357151705,0.783061717549928,0.227601753572217,0.993807249067152,0.350131891470123,0.651754619883197,1.13085681658402,39.8977130767963,-234.162817727736,-3.63546655923172e-14,-140.233423613231,60.8591613467223,1.03408445389437e-13
311.326633165829,-322799564.931791,-332851700.834665,-60408.1882503363,-4250.13077234004,-21933.9123372111,6.5139640954183,0.730500444450248,2.28916705975866,0.784603991077318,0.228114881614386,0.99345479630085,0.350147310642786,0.651712004112497,1.13033770500965,39.9001115657956,-234.241157847732,4.57813314216291e-14,-140.303439027331,60.796323991569,1.98294508251066e-14
313.8391959799,-323379494.608941,-333522695.078322,-60534.2886754299,-4252.28645506708,-21976.1531435886,6.54012450729811,0.732047405929237,2.29618715022493,0.786141470713216,0.228626498762919,0.993105619418398,0.350162607886524,0.651669739151833,1.12982347177792,39.9031912262024,-234.320186220094,3.50874576741408e-15,-140.374953075985,60.7319440653661,1.7705662872163e-13
316.35175879397,-323959027.530727,-334197804.878947,-60660.1578455379,-4254.43062487969,-22018.2441520776,6.56628688188325,0.733593131138247,2.30319627481874,0.787674238685698,0.229136631055363,0.992759661688897,0.350177785130329,0.651627819338196,1.12931403190541,39.9069409377565,-234.399946752574,-1.33623690990405e-14,-140.447963147697,60.6660287776674,-1.79166575041838e-12
318.86432160804,-324538198.417552,-334877101.01391,-60785.801006273,-4256.56345613764,-22060.1878366864,6.59245203917104,0.735137644074062,2.31019471615049,0.789202375475788,0.229645303981238,0.992416867809128,0.350192844257657,0.651586239144073,1.12880930255606,39.9113412088606,-234.480511026125,-1.74953900735059e-14,-140.522466642914,60.5985855232458,-8.5864177115034e-14
321.376884422111,-325117042.081288,-335560655.004438,-60911.223300854,-4258.68511928591,-22101.9866182911,6.61862078654645,0.736680968539766,2.31718275136132,0.790725959869673,0.230152542498325,0.992077183856618,0.350207787107846,0.65154499317317,1.1283092029704,39.9163511927851,-234.562021938794,-6.07863501466179e-14,-140.598460976536,60.529621882247,1.41044568347237e-13
323.889447236181,-325695593.943519,-336248539.134056,-61036.4297731361,-4260.79578097326,-22143.6428662207,6.64479391917828,0.738223128144934,2.32416065228671,0.792245069008962,0.230658371048361,0.991740557244619,0.35022261547749,0.651504076156298,1.12781365439761,39.9218247037644,-234.644974723382,-1.12916780133617e-13,-140.675943580115,60.4591456200601,8.37888713145276e-14
326.402010050251,-326273891.52684,-336940826.467116,-61161.4253705306,-4262.8956041662,-22185.1588997846,6.67097222040111,0.73976414630601,2.331128685614,0.793759778439091,0.23116281357214,0.991406936678872,0.350237331121752,0.651463482947421,1.12732258003032,39.9278036236323,-234.729235356448,3.9608899878273e-14,-140.754911903789,60.3871646869277,-3.67874072440932e-14
328.914572864322,-326851965.258924,-337637590.867391,-61286.2149468201,-4264.98474825884,-22226.5369897427,6.69715646208385,0.741304046246861,2.33808711303431,0.795270162155945,0.231665893524081,0.991076272116114,0.350251935755629,0.651423208519853,1.12683590494201,39.9349554822397,-234.812578128694,-5.64062484765813e-14,-140.835363417981,60.3136872173117,1.49321299888705e-13
331.427135678392,-327429845.638133,-338338907.016762,-61410.8032648712,-4267.06336917848,-22267.7793597217,6.72334740498531,0.742842850999478,2.34503619138887,0.79677629265079,0.23216763388625,0.990748514724213,0.350266431055173,0.651383247962606,1.12635355602688,39.942993637411,-234.8959697448,1.43850860788131e-14,-140.917295614905,60.2387215290303,7.58574015563943e-13
333.939698492462,-328007564.208718,-339044850.433995,-61535.1949992526,-4269.13161948739,-22308.8881875806,6.74954579909745,0.744380583404825,2.35197617281016,0.798278240953573,0.232668057181891,0.990423616843866,0.350280818658662,0.65134359647687,1.12587546194211,39.9518690047718,-234.979582508698,1.64204233345376e-15,-141.000706009889,60.162276122183,-5.91015803722151e-14
336.452261306533,-328585152.663391,-339755497.49361,-61659.3947387589,-4271.1896484809,-22349.8656067257,6.77575238397675,0.745917266113812,2.35890730485808,0.799776076674673,0.233167185488464,0.990101531951794,0.350295100167726,0.651304249372633,1.12540155305235,39.9615617828987,-235.063491198444,1.55090238270071e-14,-141.085592142555,60.084359677874,1.64524208753127e-12
338.964824120603,-329162642.681336,-340470925.444863,-61783.4069888473,-4273.23760228177,-22390.7137073797,6.8019678890643,0.74745292158839,2.3658298306513,0.80126986804516,0.233665040450229,0.989782214625354,0.350309277148436,0.651265202065418,1.1249317613764,39.9720623767519,-235.147736933816,-9.907073603433e-15,-141.171951577871,60.0049810567499,-3.73939015365811e-13
341.477386934673,-329740065.870838,-341191212.430825,-61907.2361739892,-4275.27562393133,-22431.4345378046,6.82819303399504,0.74898757210275,2.37274398899396,0.802759681955642,0.234161643290382,0.98946562050851,0.350323351132348,0.651226450073149,1.12446602053584,39.9833660433605,-235.23234512051,1.31734390329099e-14,-141.259781907086,59.9241492973617,1.9923324733223e-12
343.989949748744,-330317453.745972,-341916437.507592,-62030.8866399404,-4277.3038534772,-22472.0301054817,6.85442852889659,0.750521239744622,2.3796500144981,0.804245583993737,0.234657014822771,0.989151706279097,0.350337323617514,0.651187989013132,1.12400426570575,39.9954707754097,-235.31733255439,-1.41541488966338e-16,-141.349080748579,59.8418736143616,-1.5594937557492e-12
346.502512562814,-330894837.717771,-342646680.663607,-62154.3626559343,-4279.32242805799,-22512.5023782511,6.88067507467811,0.752053946416661,2.3865481377018,0.805727638480248,0.235151175463198,0.988840429617325,0.350351196069451,0.65114981459914,1.12354643356721,40.0083762950715,-235.402710806971,8.61700318976793e-15,-141.439845748614,59.7581633965471,-5.75470562179381e-12
349.015075376884,-331472249.092549,-343382022.839119,-62277.6684167996,-4281.33148198493,-22552.8532854099,6.90693336330968,0.753585713837911,2.39343858518329,0.807205908504088,0.235644145240347,0.988531749175463,0.350364969922079,0.65111192263861,1.12309246226161,40.0220835153757,-235.488488043875,3.09140773941891e-15,-141.532074582032,59.6730282047599,-1.34831370898638e-11
351.527638190955,-332049719.074137,-344122545.945779,-62400.8080450073,-4283.33114682071,-22593.0847187742,6.93320407809245,0.75511656354534,2.40032157967119,0.808680455956001,0.236135943806323,0.98822562454865,0.350378646578622,0.651074309029938,1.12264229134667,40.0365942268776,-235.574670087637,8.14390117652208e-16,-141.625764952883,59.5864777696507,-4.95461483290064e-11
354.040201005025,-332627278.768393,-344868332.886377,-62523.7855926491,-4285.32155145551,-22633.1985337033,6.95948789392006,0.756646516895444,2.40719734015111,0.810151341561142,0.236626590446846,0.98792201624679,0.350392227412481,0.651036969759875,1.1221958617541,40.0519109038963,-235.661261079142,7.05816429248246e-14,-141.720914595,59.4985219893166,-2.65184353856976e-11
356.552763819096,-333204959.189112,-345619467.574733,-62646.6050433497,-4287.30282218045,-22673.19655009,6.98578547753163,0.758175595065906,2.41406608196859,0.811618624910549,0.237116104091091,0.987620885667472,0.350405713768076,0.650999900901007,1.12175311574876,40.0680365790376,-235.748263909725,2.45485827578199e-14,-141.817521272533,59.4091709268216,3.04458817052668e-14
359.065326633166,-333782791.26482,-346376034.955744,-62769.2703141163,-4289.27508275846,-22713.0805533165,7.01209748775663,0.759703819057304,2.42092801692872,0.813082364491564,0.237604503321212,0.987322195069883,0.350419106961652,0.650963098609334,1.12131399688943,40.0849747590284,-235.835680514461,-8.94073834761466e-14,-141.91558278044,59.3184348076078,-4.93709769138243e-12
361.577889447236,-334360805.846149,-347138121.025596,-62891.7852571274,-4291.23845449279,-22752.8522951792,7.03842457575208,0.761231209694867,2.42778335339242,0.814542617717234,0.238091806381536,0.987025907549662,0.350432408282065,0.650926559121926,1.12087844999085,40.1027293667509,-235.923512077437,-2.11495181628269e-13,-142.015096944954,59.2263240168022,-6.97519620393254e-12
364.090452261307,-334939033.71358,-347905812.852149,-63014.1536614636,-4293.19305629319,-22792.5134947823,7.06476738523218,0.762757787630273,2.43463229636959,0.815999440954744,0.238578031187466,0.98673198701466,0.350445618991539,0.650890278754667,1.12044642108726,40.1213047005596,-236.011759179023,3.4705065477289e-13,-142.116061624008,59.1328490964306,2.53966000050418e-12
366.603015075377,-335517505.585441,-348679198.5955,-63136.3792547824,-4295.13900473983,-22832.065839401,7.09112655269089,0.764283573343478,2.44147504760929,0.817452889552913,0.239063195334088,0.986440398161564,0.350458740326391,0.650854253900067,1.1200178573972,40.1407054053868,-236.100421903663,9.76040929971607e-14,-142.218474707646,59.0380207425422,-1.35181707852125e-13
369.115577889447,-336096252.126072,-349458367.52873,-63258.4657049393,-4297.07641414511,-22871.5109853177,7.11750270761756,0.76580858714458,2.44831180568694,0.818903017868793,0.239547316104493,0.986151106453349,0.350471773497742,0.650818481025165,1.11959270728952,40.1609364521305,-236.189499920022,3.13375237404345e-15,-142.322334118409,58.9418498022526,-1.00201892450434e-12
371.628140703518,-336675303.95409,-350243410.058843,-63380.4166215576,-4299.00539661343,-22910.8505586303,7.14389647270603,0.767332849175706,2.45514276608879,0.820349879293407,0.240030410477841,0.985864078097524,0.350484719692192,0.650782956669485,1.11917092025062,40.1820031230198,-236.278992541314,5.71326242800512e-16,-142.427637811699,58.8443472707128,3.67199803444936e-13
374.140703517588,-337254691.650718,-351034417.747908,-63502.2355575479,-4300.92606209898,-22950.0861560336,7.17030846405727,0.768856379412925,2.46196812129372,0.821793526276656,0.240512495137162,0.98557928002514,0.350497580072482,0.650747677443078,1.1187524468529,40.2039110013934,-236.368898771104,1.16582290319337e-15,-142.534383776134,58.7455242880086,-9.60353948904898e-15
376.653266331658,-337834445.768162,-351831483.3344,-63623.9260105812,-4302.83851846161,-22989.2193455769,7.19673929137602,0.770379197668176,2.46878806085239,0.823234010351436,0.240993586476901,0.985296679870529,0.350510355778132,0.650712640024616,1.11833723872418,40.2266659648177,-236.45921733827,-1.78175502895445e-14,-142.642570033878,58.6453921359961,-3.02997017126995e-11
379.165829145729,-338414596.838001,-352634700.754761,-63745.4914245145,-4304.74287152096,-23028.2516673963,7.22318955816152,0.771901323591217,2.47560277146399,0.824671382156977,0.241473700610243,0.985016245951737,0.35052304792605,0.650677841159559,1.1179252485183,40.2502741807823,-236.549946723719,-4.61145296908676e-16,-142.752194640967,58.5439622350823,3.00503673560753e-14
381.678391959799,-338995175.37958,-353444165.165174,-63866.9351907739,-4306.63922510874,-23067.1846344242,7.24965986189256,0.773422776671579,2.48241243705062,0.826105691461462,0.241952853376186,0.98473794725163,0.350535657611132,0.650643277658381,1.11751642988665,40.2747421044275,-236.641085180738,1.14788913147886e-13,-142.863255687616,58.4412461409509,-4.97331082723799e-12
384.190954773869,-339576211.908414,-354259972.963565,-63988.2606496939,-4308.52768111946,-23106.0197330762,7.27615079420714,0.774943576240537,2.48921723882925,0.827536987183922,0.242431060346412,0.984461753399644,0.350548185906838,0.650608946394849,1.11711073745072,40.300076477909,-236.732630750362,-2.90214715145604e-13,-142.975751298518,58.3372555412438,4.51453890585985e-12
386.70351758794,-340157736.944574,-355082221.81184,-64109.4710918167,-4310.40833955939,-23144.7584239169,7.30266294107689,0.776463741473086,2.49601735538167,0.828965317415464,0.242908336831933,0.984187634654156,0.350560633865743,0.650574844304367,1.11670812677554,40.3262843311113,-236.824581272772,-2.14142714304055e-14,-143.089679633129,58.2320022521997,3.77645464969301e-11
389.21608040201,-340739781.021071,-355911010.658359,-64230.569759152,-4312.28129859413,-23183.4021423042,7.32919688297641,0.777983291389917,2.50281296272214,0.830390729439831,0.243384697889541,0.983915561885435,0.350573002520083,0.650540968382367,1.11630855434408,40.3533729834845,-236.9169343955,1.61489592519484e-16,-143.205038885945,58.1254982152567,2.05845053434689e-14
391.72864321608,-341322374.692229,-356746439.760657,-64351.5598463984,-4314.14665459454,-23221.9522990145,7.35575319504785,0.779502244859403,2.50960423436309,0.831813269753338,0.243860158328054,0.98364550655918,0.350585292882272,0.650507315682755,1.11591197753239,40.381350046855,-237.009687579022,-2.7265426848478e-16,-143.321827286765,58.017755493622,5.5911218503594e-12
394.241206030151,-341905548.542048,-357588610.708416,-64472.4445021289,-4316.00450218136,-23260.4102808482,7.38233244726073,0.78102062059958,2.51639134137885,0.833232984084195,0.244334732714377,0.983377440720588,0.350597505945407,0.650473883316405,1.11551835458571,40.410223429079,-237.102838100194,-2.50397942479459e-16,-143.440043100949,57.9087862688151,-6.54427640021831e-13
396.753768844221,-342489333.192561,-358437626.4467,-64593.2268299412,-4317.85493426836,-23298.7774512169,7.40893520456733,0.782538437180128,2.52317445246745,0.834649917411252,0.244808435379377,0.983111336978956,0.35060964268376,0.650440668449704,1.11512764459527,40.4400013384516,-237.196383053867,4.1871479895797e-15,-143.559684629656,57.7986028371867,2.55018126392107e-12
399.266331658292,-343073759.312187,-359293591.299455,-64713.9098895735,-4319.69804210418,-23337.0551507125,7.43556202705371,0.784055713024349,2.5299537340106,0.836064113982171,0.245281280423585,0.982847168492787,0.350621704053248,0.650407668303144,1.11473980747589,40.4706922888056,-237.290319352959,-8.21571993979863e-15,-143.680750210082,57.6872176064197,-4.17496018196564e-13
401.778894472362,-343658857.624081,-360156610.993278,-64834.4966979882,-4321.53391531292,-23375.2446976597,7.46221347008656,0.785572466411141,2.53672935013193,0.837475617331057,0.245753281722729,0.982584908955375,0.350633690991894,0.650374880149951,1.11435480394427,40.5023051052445,-237.384643727209,-4.21425112182234e-14,-143.803238215678,57.5746430920131,-5.18432730323193e-14
404.291457286432,-344244658.91449,-361026792.681471,-64954.9902304243,-4323.36264193345,-23413.3473886512,7.48889008445605,0.787088715476962,2.54350146275352,0.838884470295571,0.246224452933096,0.982324532580866,0.350645604420271,0.650342301314764,1.11397259549808,40.5348489304792,-237.479352720741,5.87880977047445e-16,-143.927147056357,57.4608919137566,3.96314253362085e-12
406.804020100502,-344831194.041107,-361904244.968378,-65075.3934214186,-4325.18430845755,-23451.364499068,7.51559241651477,0.788604478217793,2.55027023165078,0.840290715033529,0.246694807496746,0.982066014090754,0.350657445241931,0.650309929172354,1.11359314439558,40.5683332317423,-237.574442688613,-1.33679219601371e-14,-144.052475178696,57.3459767921958,6.03076666191382e-12
409.316582914573,-345418493.941448,-362789077.934014,-65195.7091657981,-4326.99899986692,-23489.297283583,7.54232100831295,0.790119772491086,2.55703581450581,0.841694393039019,0.247164358646567,0.981809328700821,0.350669214343825,0.650277761146383,1.11321641363606,40.6027678082593,-237.66990979242,-2.33841543525087e-15,-144.179221066115,57.2299105450945,-1.6857256625268e-14
411.829145728643,-346006589.641234,-363681403.158999,-65315.9403196445,-4328.80679966903,-23527.1469766512,7.56907639773006,0.791634616017706,2.56379836695912,0.843095545158049,0.247633119411186,0.981554452108487,0.350680912596708,0.650245794708194,1.11284236694074,40.6381627992751,-237.765749995044,-2.52491471384963e-14,-144.30738323905,57.112706083894,-1.08243336675887e-13
414.341708542714,-346595512.262804,-364581333.749787,-65436.0897012307,-4330.60778993199,-23564.9147929844,7.59585911860292,0.793149026383858,2.57055804266003,0.844494211603735,0.248101102619739,0.981301360480552,0.350692540855528,0.650214027375651,1.11247096873439,40.674528692629,-237.86195905461,4.31588642641759e-16,-144.436960255106,56.9943764101776,-7.64311446189133e-11
416.854271356784,-347185293.033543,-365488984.364222,-65556.1600919312,-4332.4020513183,-23602.601928013,7.62266970085051,0.794663021043008,2.57731499331553,0.845890431971061,0.248568320906502,0.981050030441334,0.350704099959811,0.650182456712002,1.11210218412747,40.7118763338829,-237.958532517688,9.38598955077211e-16,-144.567950709202,56.8749346121364,5.33023095044667e-12
419.366834170854,-347775963.294351,-366404471.237402,-65676.1542371075,-4334.18966311768,-23640.2095583337,7.64950867059546,0.796176617317785,2.58406936873781,0.84728424525121,0.249034786715394,0.980800439061171,0.350715590734027,0.650151080324785,1.11173597889886,40.7502169360092,-238.055465711782,-2.34930127369889e-15,-144.700353233694,56.7543938610472,3.79883671365757e-12
421.879396984925,-348367554.508148,-367327912.20787,-65796.0748469684,-4335.97070327888,-23677.7388421453,7.67637655028245,0.797689832401876,2.59082131689055,0.848675689845488,0.249500512304346,0.980552563845279,0.35072701398795,0.650119895864759,1.1113723194791,40.7895620896518,-238.152753737124,-1.59848078350976e-16,-144.834166498486,56.6327674077578,1.54343048019837e-12
424.391959798995,-348960098.268418,-368259426.74415,-65915.9245974066,-4337.74524844065,-23715.1909196711,7.70327385879361,0.799202683361901,2.59757098393378,0.85006480357886,0.249965509749555,0.980306382722952,0.350738370517005,0.650088901024876,1.11101117293416,40.8299237739738,-238.250391457783,1.77728821535176e-15,-144.969389211123,56.5100685791872,-1.15040740240235e-11
426.904522613065,-349553626.307808,-369199135.971599,-66035.7061308132,-4339.51337396173,-23752.5669135702,7.73020111156101,0.800715187139276,2.60431851426762,0.851451623713098,0.250429790949612,0.980061874037099,0.350749661102606,0.650058093539275,1.11065250694972,40.8713143681119,-238.348373492106,5.83081976061362e-16,-145.106020116864,56.3863107748416,1.3384765709831e-12
429.417085427136,-350148170.50678,-370147162.699633,-66155.4220568689,-4341.27515395003,-23789.8679293364,7.75715882067625,0.802227360552063,2.61106405057483,0.852836186959569,0.25089336762952,0.979819016534091,0.350760886512484,0.65002747118231,1.11029628981589,40.9137466632605,-238.446694202474,1.43351281793254e-15,-145.244057998743,56.2615074633481,-1.90264383288432e-11
431.929648241206,-350743762.902327,-371103631.449283,-66275.0749533146,-4343.03066129098,-23827.0950556869,7.78414749499747,0.803739220296799,2.61780773386215,0.854218529491661,0.251356251344603,0.97957778935392,0.350772047501004,0.649997031767609,1.10994249041246,40.9572338754091,-238.545347684378,5.95822894366505e-15,-145.383501677606,56.1356721790081,3.14733556104327e-12
434.442211055276,-351340435.696759,-372068668.481119,-66394.6673667012,-4344.77996767505,-23864.2493649392,7.8111676402536,0.805250782950314,2.62454970350056,0.855598686956874,0.251818453484297,0.979338172020658,0.350783144809473,0.64996677314715,1.1095910781945,41.0017896587632,-238.644327754806,1.29310691768076e-14,-145.524350012128,56.0088185183745,4.49088043797636e-14
436.954773869347,-351938221.26656,-373042401.823544,-66514.201813119,-4346.52314362453,-23901.3319133784,7.8382197591462,0.80676206497153,2.63129009726447,0.856976694488578,0.25227998527585,0.979100144433187,0.350794179166443,0.64993669321038,1.10924202317852,41.0474281198813,-238.743627939903,9.64674521188013e-15,-145.666601898816,55.8809601368508,4.50585687215713e-13
439.467336683417,-352537152.171341,-374024961.301454,-66633.6807789087,-4348.26025851952,-23938.3437416137,7.86530435144873,0.808273082703244,2.63802905136989,0.858352586717441,0.252740857787919,0.978863686856226,0.350805151287999,0.649906789883342,1.1088952959289,41.0941638325606,-238.843241461903,1.50656213006793e-14,-145.810256271986,55.752110745318,-4.67564703626055e-12
441.979899497487,-353137261.162866,-375016478.565283,-66753.1067213526,-4349.99138062325,-23975.2858749259,7.89242191410355,0.80978385237389,2.64476670051154,0.859726397782562,0.253201081934059,0.978628779911603,0.350816061878046,0.649877061127842,1.10855086754483,41.1420118535128,-238.943161225297,-3.39291517324288e-17,-145.955312103719,55.6222841067886,-5.4981113864065e-12
444.492462311558,-353738581.194193,-376017087.120427,-66872.4820693483,-4351.71657710664,-24012.1593236051,7.91957294131656,0.811294390099293,2.65150317789904,0.861098161342295,0.253660668476136,0.978395404569793,0.350826911628581,0.649847504940629,1.10820870964759,41.1909877388704,-239.043379802202,2.65550618220789e-15,-146.101768403799,55.4914940330889,-3.32993487593412e-12
447.005025125628,-354341145.42891,-377026922.357071,-66991.8092240651,-4353.43591407224,-24048.9650832788,7.94675792464968,0.812804711884393,2.65823861529216,0.862467910584786,0.254119628027635,0.978163542141708,0.35083770121996,0.649818119352604,1.10786879436821,41.2411075615694,-239.143889416897,3.57709466273105e-14,-146.249624219625,55.359754381574,-2.11922732329821e-12
449.517587939699,-354944987.250494,-378046121.580408,-67111.090559583,-4355.14945657744,-24085.7041352321,7.97397735311118,0.814314833624963,2.66497314303509,0.863835678238229,0.254577971056888,0.977933174270716,0.35084843132116,0.649788902428048,1.10753109433548,41.2923879296597,-239.244681929488,-1.02028895051608e-13,-146.398878636103,55.2270790518715,-5.63925732126245e-14
452.030150753769,-355550140.271784,-379074824.041268,-67230.3284235157,-4356.85726865716,-24122.3774467189,8.00123171324389,0.815824771109303,2.67170689008997,0.865201496580852,0.255035707890214,0.977704282924893,0.350859102590032,0.649759852263876,1.10719558266433,41.3448460055942,-239.345748818653,1.56091681445853e-14,-146.549530775515,55.0934819826615,4.27849113411332e-14
454.542713567839,-356156638.344596,-380113170.967159,-67349.5251376173,-4358.55941334583,-24158.9859712647,8.0285214892115,0.817334540019913,2.6784399840694,0.866565397450638,0.255492848714978,0.977476850389505,0.350869715673546,0.649730966988908,1.10686223294452,41.3984995265577,-239.447081163417,-1.9650196396391e-15,-146.701579797361,54.9589771484889,1.57241652980001e-14
457.05527638191,-356764515.56947,-381161305.593733,-67468.6829983744,-4360.25595269882,-24195.5306489617,8.05584716288284,0.818844155935158,2.68517255126825,0.867927412254796,0.255949403582568,0.977250859259695,0.350880271208027,0.649702244763157,1.10653101922967,41.4533668258962,-239.548669623897,2.75794367757374e-18,-146.85502489818,54.8235785566121,-4.91713544712853e-11
459.56783919598,-357373806.305574,-382219373.19667,-67587.8042775824,-4361.94694781329,-24232.0124067561,8.08320921391437,0.820353634330902,2.69190471669466,0.869287571978982,0.256405382411301,0.977026292433384,0.350890769819393,0.649673683777148,1.10620191602659,41.509466855717,-239.650504420962,7.73597240682536e-15,-147.009865311348,54.6873002438872,-1.81695271450501e-11
462.08040201005,-357984545.180762,-383287521.12401,-67706.8912229082,-4363.63245884847,-24268.4321587277,8.11060811983078,0.821862990582139,2.69863660410019,0.870645907196282,0.256860794989246,0.976803133104371,0.350901212123377,0.649645282251244,1.10587489828495,41.5668192107321,-239.752575314744,-7.64547333919711e-15,-147.166100306849,54.5501562736889,-8.11448530125454e-13
464.592964824121,-358596767.10181,-384365898.82891,-67825.9460584385,-4365.31254504545,-24304.7908063626,8.1380443561039,0.823372239964589,2.7053683360093,0.872002448075969,0.257315650976982,0.976581364755626,0.350911598725749,0.649617038434994,1.10554994138717,41.6254441534242,-239.854871581908,-8.51186809652166e-16,-147.323729191021,54.4121607328706,-1.0448412070588e-11
467.105527638191,-359210507.264833,-385454657.902861,-67944.9709852146,-4366.9872647464,-24341.0892388186,8.1655183962299,0.82488139765629,2.71210003374808,0.873357224392028,0.257769959910282,0.976360971152773,0.350921930222529,0.649588950606503,1.10522702113866,41.6853626406223,-239.957381991628,1.71786124392436e-13,-147.482751306278,54.2733277287625,9.75933591476598e-14
469.618090452261,-359825801.165884,-386553952.109358,-68063.9681817545,-4368.6566754133,-24377.3283331838,8.19303071180483,0.826390478739167,2.71883181747227,0.874710265531474,0.258223731202731,0.976141936337752,0.350932207200195,0.649561017071812,1.10490611375831,41.7465963515822,-240.060094780161,9.03949855581293e-14,-147.643166030807,54.1336713862065,2.00369952379106e-15
472.130653266332,-360442684.611776,-387663937.418027,-68182.9398045617,-4370.32083364619,-24413.5089547287,8.22058177259859,0.827899498200576,2.72556380619463,0.87606160050245,0.258676974148274,0.975924244622658,0.350942430235888,0.649533236164302,1.10458719586921,41.8091677176686,-240.162997623931,5.03307180499318e-14,-147.804972778239,53.9932058446343,-3.05449671898623e-13
474.643216080402,-361061193.731106,-388784772.039228,-68301.8879886223,-4371.97979520097,-24449.6319571523,8.24817204662738,0.829408470934844,2.73229611781157,0.877411257942133,0.259129697923711,0.975707880583746,0.350952599897607,0.649505606244105,1.10427024448971,41.8730999537525,-240.266077611028,-1.46941630783413e-13,-147.968170997294,53.8519452551828,8.5554811241082e-12
477.155778894472,-361681364.98552,-389916616.459129,-68420.8148478901,-4373.63361500669,-24485.6981828209,8.27580200022464,0.830917411744779,2.73902886912929,0.878759266124433,0.259581911591114,0.975492829055606,0.350962716744404,0.649478125697539,1.10395523702461,41.9384170914428,-240.369321210992,-1.65241858782648e-13,-148.132760171401,53.7099037778508,-9.68335174784643e-12
479.668341708543,-362303235.181215,-391059633.475264,-68539.7224757593,-4375.28234718243,-24521.7084630022,8.30347209811056,0.832426335343168,2.74576217588912,0.880105652967503,0.260033624100202,0.975279075125493,0.350972781326567,0.649450792936556,1.10364215125672,42.0051440142774,-240.472714242786,1.1393392415829e-14,-148.29873981829,53.567095578696,-6.92991184757108e-12
482.180904522613,-362926841.480711,-392213988.232585,-68658.6129455272,-4376.92604505376,-24557.6636180927,8.33118280346021,0.833935256354256,2.75249615279243,0.88145044604107,0.260484844290641,0.975066604127808,0.350982794185808,0.649423606398197,1.10333096533851,42.0733064950206,-240.576241840792,1.31670689754763e-13,-148.466109489562,53.4235348270733,-5.05174215941123e-12
484.693467336683,-363552221.414884,-393379848.260009,-68777.4883108454,-4378.56476116876,-24593.5644578398,8.35893457797028,0.835444189315207,2.75923091352481,0.882793672573578,0.260935580894299,0.974855401638733,0.350992755855436,0.649396564544074,1.10302165778411,42.1429312352128,-240.67988841872,-3.93947833501163e-14,-148.634868770229,53.2792356929134,-4.57417225602674e-13
487.206030150754,-364179412.895302,-394557383.507467,-68896.3506061604,-4380.19854731364,-24629.4117815585,8.38672788192458,0.836953148677551,2.76596657077981,0.884135359459159,0.261385842537446,0.974645453471008,0.351002666860532,0.649369665859856,1.10271420746146,42.2140459071426,-240.783637631241,2.2105879336178e-14,-148.80501727823,53.1342123440429,-3.88482309283323e-13
489.718592964824,-364808454.226867,-395746766.383472,-69015.2018471442,-4381.82745452796,-24665.2063783424,8.41456317425822,0.838462148808605,2.77270323628204,0.885475533264438,0.261835637742892,0.974436745668845,0.351012527718117,0.649342908854768,1.10240859358468,42.2866791984255,-240.887472333195,5.39774770641697e-14,-148.976554663922,52.9884789435456,-1.77802569564921e-14
492.231155778895,-365439384.120781,-396948171.793199,-69134.044031115,-4383.45153311953,-24700.94902727,8.44244091262058,0.839971203992886,2.7794410208098,0.886814220235173,0.262284974932084,0.974229264502979,0.351022338937318,0.64931629206111,1.10210479570661,42.3608608593778,-240.991374536169,4.4701772837509e-14,-149.149480609543,52.8420496471649,4.46408891074625e-13
494.743718592965,-366072241.707861,-398161777.177094,-69252.8791374478,-4385.07083267885,-24736.6404976058,8.47036155343715,0.841480328433508,2.78618003421718,0.888151446302729,0.262733862427145,0.97402299646585,0.351032101019524,0.649289814033784,1.10180279371166,42.436621753412,-241.095325362253,7.25379667684495e-14,-149.323794828647,52.694938600747,-2.0862060287712e-11
497.256281407035,-366707066.552225,-399387762.550021,-69371.7091279763,-4386.68540209325,-24772.2815489964,8.49832555197011,0.842989536253548,2.7929203854556,0.889487237090409,0.263182308452871,0.973817928266909,0.351041814458547,0.64926347334983,1.1015025678087,42.5139939106833,-241.199304994727,5.65590218336166e-15,-149.499497065523,52.5471599377252,9.73487065065924e-14
499.768844221106,-367343898.665366,-400626310.540945,-69490.5359473855,-4388.29528956066,-24807.8729316624,8.5263333623779,0.844498841497412,2.79966218259499,0.890821617919623,0.263630321138676,0.97361404682805,0.351051479740774,0.649237268607979,1.10120409852423,42.5930105852486,-241.303292625465,3.08213721031146e-14,-149.676587094576,52.3987277766458,2.21080504606402e-11
502.281407035176,-367982778.520638,-401877606.433162,-69609.3615235951,-4389.9005426031,-24843.4153865848,8.55438543777367,0.846008258132178,2.80640553284436,0.89215461381592,0.264077908520492,0.973411339279159,0.351061097345309,0.649211198428218,1.10090736669572,42.6737063160209,-241.407266398738,-2.70324278295061e-14,-149.855064719691,52.2496562187334,3.56912434836324e-14
504.793969849246,-368623747.06819,-403141838.205089,-69728.1877681349,-4391.50120807973,-24878.9096456884,8.58248223028269,0.847517800048916,2.81315054257203,0.893486249514876,0.264525078542632,0.973209792953777,0.351070667744127,0.649185261451357,1.10061235346508,42.7561169918305,-241.511203351169,2.73353355336979e-14,-150.034929773567,52.0999593454978,-7.99241285854602e-13
507.306532663317,-369266845.750355,-404419196.571621,-69847.0165765118,-4393.09733219969,-24914.356432019,8.61062419109877,0.849027481064007,2.81989731732533,0.894816549467841,0.264971839059594,0.973009395384877,0.351080191402206,0.649159456338618,1.10031904027236,42.8402799209368,-241.615079347462,-3.19655191093506e-14,-150.216182117032,51.9496512163805,-1.59456731060844e-11
509.819095477387,-369912116.517551,-405709875.026046,-69965.8498285683,-4394.68896053458,-24949.7564599184,8.63881177053965,0.850537314920428,2.82664596184992,0.896145537847558,0.26541819783784,0.972810134300747,0.351089668777671,0.649133781771226,1.10002740884953,42.9262339053634,-241.718869011585,-6.12351375955049e-18,-150.398821638324,51.7987458664418,-2.49185400284452e-11
512.331658291457,-370559601.844699,-407014069.882551,-70084.6893888335,-4396.27613803067,-24985.1104351939,8.66704541810152,0.852047315289038,2.83339658010869,0.897473238553648,0.265864162557527,0.972611997620977,0.351099100321927,0.649108236450015,1.09973744121452,43.0140193204778,-241.822545652971,-3.80769440267968e-16,-150.582848252357,51.6472573040867,2.24437635032194e-13
514.844221105528,-371209344.748208,-408331980.319308,-70203.5371068668,-4397.85890902076,-25020.4190552842,8.69532558251256,0.853557495769834,2.84014927530021,0.898799675217975,0.266309740814193,0.972414973452556,0.351108486479789,0.649082819095044,1.09944911966531,43.1036782002693,-241.926081187323,-4.09132942337821e-17,-150.768261899955,51.4951995088311,7.6831776431935e-13
517.356783919598,-371861388.803561,-409663808.422151,-70322.3948175935,-4399.43731723586,-25055.6830094222,8.72365271178559,0.855067869893204,2.84690414987683,0.900124871209879,0.266754940120417,0.972219050086053,0.351117827689608,0.649057528445213,1.09916242677426,43.1952543288352,-242.029446051519,6.50156925821698e-16,-150.955062547068,51.3425864291062,-7.7962634509208e-12
519.869346733668,-372515778.163538,-411009759.228864,-70441.2643416339,-4401.01140581648,-25090.9029787929,8.75202725326994,0.856578451121157,2.85366130556241,0.901448849641297,0.26719976790743,0.972024215991906,0.351127124383401,0.649032363257906,1.0988773453825,43.2887933386352,-242.132609112075,-5.1419096808793e-14,-151.143250183961,51.1894319801023,-2.09403836137366e-13
522.381909547739,-373172557.57712,-412370040.774061,-70560.1474856248,-4402.58121732373,-25126.0796366884,8.78044965370237,0.858089252848537,2.8604208433696,0.902771633371769,0.267644231526696,0.971830459816801,0.351136376986966,0.649007322308622,1.09859385859454,43.3843428161389,-242.235537566575,4.8920451856637e-14,-151.33282482438,51.0357500416499,9.6383104980714e-14
524.894472361809,-373831772.40913,-413744864.134698,-70679.0460425346,-4404.14679375015,-25161.2136486595,8.80892035925727,0.859600288404232,2.86718286361685,0.904093245013331,0.268088338251457,0.971637770380136,0.351145585920008,0.648982404390632,1.09831194977293,43.4819524155574,-242.338196837381,5.50866422238136e-15,-151.523786504694,50.8815544561402,1.57513375614995e-14
527.407035175879,-374493468.660642,-415134443.4762,-70797.961791972,-4405.70817653028,-25196.3056726634,8.83743981559604,0.861111571052354,2.87394746594501,0.905413706935291,0.268532095278243,0.971446136670579,0.351154751596247,0.648957608314637,1.09803160253315,43.58167398143,-242.440550456893,1.3017621361172e-14,-151.71613528302,50.7268590264811,-7.84019158996983e-12
529.91959798995,-375157692.990233,-416538996.099222,-70916.8965004878,-4407.26540655097,-25231.3563592083,8.86600846791573,0.862623113993419,2.8807147493336,0.906733041268912,0.268975509728346,0.971255547842706,0.351163874423541,0.648932932908431,1.09775280073853,43.683561680928,-242.542559943517,-6.77787397505973e-14,-151.909871238316,50.571677514092,-1.82544446623952e-11
532.43216080402,-375824492.736131,-417958742.487048,-71035.8519218707,-4408.81852416146,-25266.3663514946,8.89462676099691,0.864134930365502,2.88748481211678,0.90805126991198,0.26941858864927,0.971065993213724,0.351172954803986,0.648908377016577,1.09747552849536,43.7876721468317,-242.644184667414,4.00673452239673e-14,-152.104994469462,50.4160236369339,-6.00295748517855e-14
534.94472361809,-376493915.939312,-419393906.353642,-71154.829797437,-4410.36756918327,-25301.3362855535,8.92329513925088,0.865647033245383,2.89425775199894,0.909368414533277,0.269861339016136,0.970877462260275,0.351181993134033,0.648883939500092,1.09719977014808,43.8940646322617,-242.745381704978,-4.86761024989905e-14,-152.301505094313,50.2599110675764,-7.53384312423896e-12
537.457286432161,-377166011.367644,-420844714.692341,-71273.8318563147,-4411.91258091979,-25336.2667903817,8.95201404676619,0.867159435649678,2.90103366607003,0.91068449657696,0.270303767733069,0.970689944615313,0.351190989804587,0.648859619236135,1.09692551027464,44.0028011783662,-242.846105680885,-2.03509768912679e-14,-152.499403248734,50.1033534313002,-1.20113249326642e-12
539.969849246231,-377840828.541134,-422311397.82523,-71392.8598157212,-4413.45359816573,-25371.1584880741,8.98078392735441,0.868672150535957,2.90781265082055,0.911999537266834,0.27074588163455,0.970503430065061,0.351199945201113,0.648835415117701,1.09665273368189,44.1139467963224,-242.94630859638,-5.93280624096115e-14,-152.698689085615,49.946364304235,-2.96022304681464e-13
542.482412060302,-378518417.75837,-423794189.453166,-71511.9153812363,-4414.9906592163,-25406.0119939524,9.00960522459537,0.87018519080385,2.91459480215628,0.913313557610544,0.271187687486736,0.970317908546039,0.351208859703738,0.64881132605333,1.09638142540117,44.227569665182,-243.045939642329,-4.28821737934242e-14,-152.899362773861,49.7889572115315,-5.26548147723899e-11
544.994974874372,-379198830.12426,-425293326.7065,-71631.0002470691,-4416.52380187619,-25440.827916692,9.03847838188171,0.871698569296132,2.92138021541264,0.914626578403669,0.271629191988757,0.970133370142164,0.351217733687346,0.648787350966815,1.09611157068396,44.3437413472826,-243.144944995339,1.7154727316025e-14,-153.101424497369,49.631145625569,-2.23194687443798e-13
547.507537688442,-379882117.57917,-426809050.196469,-71750.1160963198,-4418.0530634684,-25475.6068584459,9.06740384246286,0.873212298799809,2.92816898536892,0.915938620233733,0.272070401773984,0.969949805081918,0.351226567521675,0.648763488796919,1.09584315499759,44.4625370231802,-243.243267595059,-1.54897438569884e-14,-153.304874453984,49.472942964196,-1.7591863753139e-14
550.020100502513,-380568332.929564,-428341604.067293,-71869.2646012367,-4419.57848084279,-25510.3494149651,9.09638204948836,0.874726392047177,2.93496120626206,0.917249703484129,0.272511323411266,0.969767203735586,0.351235361571414,0.648739738497105,1.09557616402118,44.5840357483194,-243.340846900493,-6.28771064745036e-14,-153.509712854432,49.314362589004,1.80531980253664e-13
552.532663316583,-381257529.880301,-429891236.048971,-71988.4474234674,-4421.10009038454,-25545.0561757176,9.12541344605073,0.876240861716879,2.94175697180029,0.918559848337958,0.272951963406148,0.969585556612555,0.351244116196289,0.648716099035256,1.09531058364151,44.7083207339572,-243.437618622864,-8.9861183603197e-15,-153.715939921239,49.1554178036354,-2.31346613163834e-13
555.045226130653,-381949763.068702,-431458197.51078,-72107.6662143065,-4422.61792802231,-25579.727724004,9.1544984752277,0.877755720434938,2.94855637517648,0.919869074781794,0.273392328202057,0.96940485435868,0.351252831751158,0.648692569393421,1.09504639994916,44.835479655222,-243.533514432219,-1.62384520339602e-13,-153.923555887636,48.9961218521229,3.61386963451575e-12
557.557788944724,-382645088.100569,-433042743.515507,-72226.9226149371,-4424.13202923632,-25614.3646370712,9.18363758012397,0.879270980775794,2.95535950908121,0.921177402609361,0.273832424181469,0.969225087753708,0.351261508586095,0.648669148567554,1.09478359923459,44.9656049895876,-243.628461634566,4.06275566576821e-15,-154.132560996436,48.8364879172616,8.32944266749425e-13
560.070351758794,-383343561.588322,-434645132.874391,-72346.2182566686,-4425.64242906622,-25648.9674862232,9.2128312039124,0.880786655263314,2.96216646571562,0.92248485142514,0.274272257667047,0.969046247708768,0.351270147046479,0.648645835567262,1.0945221679844,45.0987943895369,-243.72238281585,-1.80678099758463e-16,-154.342955498906,48.6765291190125,-1.61884224084473e-13
562.582914572864,-384045241.19145,-436265628.202811,-72465.5547611699,-4427.14916211875,-25683.5368369302,9.24207978987474,0.882302756371797,2.96897733680404,0.9237914406479,0.274711834922758,0.968868325263914,0.351278747473075,0.648622629415559,1.09426209287765,45.2351510937515,-243.815195448517,1.43217813840052e-14,-154.554739653614,48.5162585129376,7.37151222729966e-14
565.095477386935,-384750185.659508,-437904495.976708,-72584.9337406979,-4428.65226257528,-25718.0732489345,9.2713837814419,0.883819296526966,2.97579221360635,0.925097189514156,0.275151162154967,0.968691311585725,0.351287310202115,0.648599529148627,1.09400336078227,45.3747843818306,-243.906811455766,-1.72121174452961e-14,-154.767913725271,48.3556890886653,-1.0156589801847e-13
567.608040201005,-385458454.877907,-439562006.589763,-72704.3567983224,-4430.15176419919,-25752.5772763553,9.30074362223374,0.885336288106953,2.98261118693013,0.926402117081555,0.27559024551351,0.968515197964961,0.351295835565384,0.648576533815579,1.09374595875155,45.5178100783332,-243.997136727799,4.82428080119434e-14,-154.982477983545,48.194833768387,1.36427686411913e-12
570.120603015075,-386170109.916769,-441238434.411333,-72823.825528146,-4431.64770034306,-25787.0494677904,9.33015975609836,0.88685374344326,2.98943434714263,0.927706242232194,0.276029091092742,0.968339975814276,0.351304323890289,0.648553642478231,1.09348987402073,45.6643511128774,-244.086070583457,1.354963189179e-16,-155.198432701872,48.0337054053828,8.957314962602e-14
572.633165829146,-386885213.083187,-442934057.845147,-72943.3415155208,-4433.14010395572,-25821.4903664164,9.35963262715104,0.888371674821726,2.99626178418244,0.929009583675872,0.276467704932567,0.96816563666598,0.351312775499946,0.648530854210875,1.09323509400359,45.8145381441366,-244.173505169547,1.47370614350455e-15,-155.415778156249,47.8723167825776,3.270422585513e-13
575.145728643216,-387603827.977238,-444649159.388786,-73062.9063372607,-4434.62900758915,-25855.9005100865,9.38916267981275,0.889890094483471,3.00309358757107,0.930312159953278,0.276906093019445,0.967992172169846,0.351321190713245,0.648508168100063,1.09298160628926,45.9685102569268,-244.259324788804,-1.09733801140918e-15,-155.634514624011,47.7106806111267,-1.53671387216314e-12
577.658291457286,-388326019.552163,-446384025.69394,-73182.5215618502,-4436.11444340527,-25890.2804314264,9.41875035884817,0.891409014625833,3.0099298464242,0.931613989439106,0.277344261287381,0.967819574090981,0.351329569844932,0.648485583244387,1.09272939863895,46.1264157431612,-244.343405145886,1.33550656219684e-13,-155.854642382604,47.5488095290288,-3.01352951251081e-13
580.170854271357,-389051854.179206,-448138947.627455,-73302.1887496491,-4437.5964431825,-25924.6306579285,9.44839610940345,0.892928447403292,3.01677064946284,0.932915090345122,0.277782215618895,0.967647834307728,0.351337913205675,0.648463098754273,1.09247845898285,46.2884129794094,-244.425612498864,4.81625964978368e-16,-156.076161708333,47.3867160997697,2.0741408655022e-14
582.683417085427,-389781399.71763,-449914220.333188,-73421.909453094,-4439.07503832228,-25958.9517120439,9.4781003770435,0.894448404928392,3.02361608502424,0.934215480723158,0.278219961845968,0.967476944809632,0.351346221102135,0.648440713751771,1.09222877541709,46.4546714161432,-244.505802701316,-2.36833097318882e-15,-156.299072875114,47.2244128109925,-2.15491620738923e-13
585.195979899498,-390514725.590561,-451710143.294656,-73541.6852168963,-4440.55025985538,-25993.2441112724,9.50786360778893,0.895968899272641,3.03046624107264,0.935515178468057,0.278657505750978,0.967306897695433,0.351354493837038,0.648418427370358,1.0919803362007,46.6253726966127,-244.583820117345,1.46721847931251e-14,-156.523376153204,47.0619120731966,1.67343654166729e-11
587.708542713568,-391251902.867371,-453527020.398513,-73661.5175782359,-4442.02213844812,-26027.5083682515,9.53768624815272,0.897489942467409,3.03732120520983,0.93681420132055,0.279094853067608,0.967137685171121,0.351362731709238,0.648396238754738,1.09173312975276,46.8007119268425,-244.659496388284,-2.52101282077859e-14,-156.749071807927,46.8992262184637,1.73933439198046e-11
590.221105527638,-391993004.353452,-455365159.998848,-73781.4080669532,-4443.49070440846,-26061.7449908426,9.56756874517643,0.899011546504815,3.04418106468551,0.938112566870086,0.279532009481744,0.966969299548021,0.351370935013786,0.648374147060651,1.09148714464945,46.9808991225597,-244.732649025586,1.78638112563181e-15,-156.976160098384,46.7363674992121,-2.51742986980233e-13
592.733668341709,-392738104.688367,-457224874.982308,-73901.358205736,-4444.95598769192,-26095.9544822161,9.59751154646617,0.900533723338601,3.05104590640755,0.939410292557603,0.279968980632351,0.966801733240929,0.351379104041991,0.648352151454683,1.09124236962136,47.1661608642754,-244.803079799022,-1.03513378436982e-14,-157.204641276166,46.5733480869766,3.14275921350536e-11
595.246231155779,-393487280.453531,-459106482.834071,-74021.3695103048,-4446.41801790746,-26130.1373409349,9.62751510022826,0.902056484885001,3.05791581695199,0.940707395678246,0.280405772112339,0.966634978766281,0.351387239081487,0.648330251114083,1.09099879355064,47.3567421984729,-244.870572882624,3.12827974385741e-15,-157.434515584045,46.410180071216,2.68015925173586e-13
597.758793969849,-394240610.290796,-461010305.704666,-74141.4434895941,-4447.87682432315,-26164.294061036,9.65757985530454,0.903579843023597,3.06479088257294,0.942003893384034,0.280842389469402,0.96646902874037,0.351395340416292,0.648308445226579,1.09075640546845,47.5529088313447,-244.93489271236,1.66740793776556e-15,-157.665783254668,46.2468754581469,1.77008139878627e-13
600.27135678392,-394998175.033558,-462936670.477648,-74261.5816459308,-4449.33243587179,-26198.4251321104,9.6877062612074,0.905103809598166,3.07167118921231,0.943299802686476,0.28127883820685,0.966303875877594,0.35140340832687,0.648286732990205,1.09051519455223,47.7549496722577,-244.995781498874,4.81208847288209e-16,-157.89844450924,46.0834461696041,2.750004661246e-12
602.78391959799,-395760057.852316,-464885908.838135,-74381.7854752102,-4450.78488115637,-26232.5310393822,9.71789476815461,0.906628396417526,3.07855682250938,0.944595140459133,0.281715123784422,0.966139512988749,0.351411443090187,0.648265113613126,1.09027515012322,47.9631797978582,-245.052956324934,8.10565316090952e-16,-158.132499556201,45.9199040419255,3.20196180860859e-13
605.29648241206,-396526344.417026,-466858357.34223,-74502.0564670683,-4452.23418845547,-26266.6122637848,9.74814582710375,0.908153615256355,3.08544786781021,0.945889923440143,0.282151251619084,0.965975932979353,0.351419444979774,0.648243586313468,1.09003626164392,48.1779439254115,-245.106105739631,7.41659572710488e-15,-158.367948589897,45.7562608248648,2.79168896092463e-14
607.809045226131,-397297123.079038,-468854357.487319,-74622.3961050524,-4453.68038572851,-26300.6692820372,9.77845988978653,0.909679477856025,3.09234441017693,0.947184168234685,0.282587227085811,0.965813128848009,0.35142741426578,0.648222150319153,1.08979851871565,48.3996205069368,-245.154885738487,-6.64767856879543e-14,-158.60479178925,45.5925281805279,6.93918493615804e-13
610.321608040201,-398072485.076062,-470874255.783253,-74742.8058667878,-4455.12350062091,-26334.702566718,9.80883740874272,0.911205995925406,3.09924653439685,0.948477891317408,0.28302305551836,0.965651093684803,0.351435351215027,0.648200804867734,1.08956191107616,48.6286265858592,-245.198914988553,-3.36135570535986e-15,-158.843029316414,45.4287176823376,2.72056528934006e-13
612.834170854271,-398852524.76437,-472918403.824447,-74863.2872241429,-4456.56356046915,-26368.7125863378,9.83927883735396,0.912733181141677,3.10615432499148,0.94977110903481,0.28345874221002,0.965489820669734,0.351443256091068,0.64817954920624,1.08932642859726,48.8654235978584,-245.23776911772,9.63283710258394e-15,-159.082661315443,45.2648408140176,-1.71550839175472e-13
615.346733668342,-399637339.883428,-474987158.362864,-74983.841643391,-4458.00059230571,-26402.6998054108,9.8697846298773,0.914261045151117,3.11306786622537,0.951063837607573,0.283894292414354,0.965329303071181,0.351451129154237,0.648158382591015,1.08909206128254,49.1105243511838,-245.270973833944,-6.40758692174444e-14,-159.323687910941,45.1009089686079,-1.13549203482882e-13
617.859296482412,-400427031.859487,-477080881.381937,-75104.4705853702,-4459.43462286396,-26436.664684525,9.90035524147849,0.915789599569901,3.11998724211484,0.952356093132855,0.284329711345928,0.965169534244398,0.351458970661705,0.64813730428757,1.08885879926513,49.3645014944116,-245.297996567481,-3.96911716399399e-15,-159.566109206718,44.9369334475026,1.65219705176698e-14
620.371859296482,-401221706.15635,-479199940.171402,-75225.1755056403,-4460.86567858288,-26470.6076804105,9.93099112826514,0.917318855984874,3.12691253643658,0.953647891586549,0.284765004181027,0.965010507630041,0.351466780867525,0.64811631357043,1.08862663280548,49.6279978795874,-245.318236229282,2.13491007394082e-15,-159.809925284444,44.7729254595109,1.30781051459036e-14
622.884422110553,-402021472.683802,-481344707.403063,-75345.9578546375,-4462.29378561179,-26504.5292460073,9.96169274731962,0.918848825954328,3.13384383273615,0.954939248825486,0.285200176058352,0.964852216752732,0.351474560022689,0.648095409722988,1.08839555228922,49.901739368126,-245.331010539248,-6.77988514501319e-15,-160.055136202297,44.6088961199438,6.54007675662345e-13
625.396984924623,-402826446.277255,-483515561.20751,-75466.8190778273,-4463.71896981484,-26538.4298305314,9.99246055673177,0.920379521008766,3.14078121433629,0.956230180589608,0.285635232079712,0.964694655219646,0.351482308375172,0.648074592037363,1.08816554822505,50.1865508243859,-245.335540180331,-1.18374405249761e-14,-160.301741993617,44.4448564497271,1.47448395247152e-12
627.909547738694,-403636747.266338,-485712885.251772,-75587.7606158543,-4465.1412567756,-26572.3098795397,10.0232950156315,0.92191095265166,3.14772476434519,0.957520702504106,0.2860701773107,0.964537816719128,0.351490026169983,0.648053859814255,1.08793661124266,50.4833763265849,-245.330928749325,2.65877452053977e-16,-160.549742665559,44.2808173745345,-2.11658371780178e-12
630.422110552764,-404452502.155981,-487937068.817943,-75708.7839046904,-4466.56067180139,-26606.1698349939,10.0541965842212,0.923443132360201,3.15467456566459,0.958810830081509,0.286505016781359,0.964381695019344,0.351497713649212,0.648033212362815,1.08770873209074,50.7933050431123,-245.316137055919,1.29222266084527e-15,-160.79913819774,44.1167897239496,3.6220941172783e-12
632.934673366834,-405273844.451752,-490188506.882761,-75829.8903757805,-4467.97723992761,-26640.0101353233,10.0851657238077,0.924976071586045,3.1616307009978,0.960100578723744,0.286939755486834,0.964226283966953,0.351505371052074,0.648012649000498,1.08748190163494,51.1176048502,-245.289949692023,-2.60340981958615e-14,-161.049928540901,43.9527842306482,-2.4446281980215e-13
635.447236180905,-406100915.673123,-492467600.198173,-75951.0814561868,-4469.39098592201,-26673.831215486,10.1162028968349,0.926509781756046,3.16859325285762,0.961389963724159,0.287374398388016,0.96407157748581,0.351512998614958,0.647992169052945,1.087256110856,51.4577667319567,-245.250930825169,-4.8229123345066e-14,-161.302113615557,43.7888115296069,3.76384887003035e-14
637.959798994975,-406933866.615892,-494774755.372875,-76072.3585687299,-4470.80193428881,-26707.6335070296,10.1473085669151,0.928044274272988,3.17556230357409,0.962679000269507,0.287808950412171,0.963917569575697,0.351520596571468,0.647971771853838,1.0870313508478,51.8155645271263,-245.197364640519,1.9779678958006e-14,-161.555693310661,43.6248821573352,-2.35307849506747e-12
640.472361809045,-407772858.951691,-497110384.954848,-76193.7231321288,-4472.21010927279,-26741.4174381505,10.1784831988611,0.929579560516307,3.1825379353022,0.9639677034419,0.288243416453559,0.963764254311075,0.351528165152468,0.647951456744786,1.08680761281552,52.1931370659474,-245.127173365826,1.72394774897888e-13,-161.810667482264,43.4610065511306,2.32485287579895e-11
642.984924623116,-408618067.294225,-499474907.514899,-76315.176561139,-4473.61553486328,-26775.183433752,10.2097272587179,0.931115651842807,3.18952023002951,0.965256088220727,0.288677801374048,0.963611625839866,0.351535704586127,0.647931223075191,1.08658488807382,52.5931039176542,-245.037801615248,3.38052172967756e-14,-162.067035952187,43.2971950483586,2.5292233384285e-13
645.497487437186,-409469681.929445,-501868747.731199,-76436.7202666882,-4475.01823479809,-26808.9319155018,10.2410412137939,0.932652559587368,3.19650926958359,0.966544169484542,0.289112110003708,0.963459678382254,0.351543215097955,0.647911070202128,1.08636316804502,53.0187332980334,-244.926048417073,4.80121847972463e-15,-162.324798506688,43.133457885756,-2.84778846590561e-13
648.010050251256,-410327912.520771,-504292336.474851,-76558.3556560105,-4476.41823256734,-26842.6633018882,10.2724255326928,0.934190295063654,3.20350513563947,0.967831962012914,0.289546347141403,0.963308406229521,0.351550696910851,0.64789099749023,1.0861424442574,53.4741941694395,-244.787814722155,-3.99251116391092e-14,-162.583954895146,42.9698051987581,6.9417302458757e-15
650.522613065327,-411192993.302016,-506746110.896477,-76680.0841327788,-4477.81555141729,-26876.3780082753,10.3038806853445,0.935728869564804,3.21050790972691,0.969119480488251,0.289980517555369,0.963157803742889,0.351558150245138,0.647871004311562,1.08592270834344,53.964950814261,-244.617707758999,3.18318275220403e-15,-162.844504828739,42.8062470208493,-5.00503072543674e-15
653.035175879397,-412065190.648846,-509230514.513837,-76801.9070972355,-4479.21021435397,-26910.0764469575,10.3354071430368,0.937268294364128,3.21751767323762,0.970406739497593,0.290414625983786,0.963007865352404,0.351565575318606,0.647851090045512,1.08570395203816,54.498412900771,-244.40838844972,2.54654056369629e-15,-163.10644797914,42.6427932829378,-3.42848832318346e-14
655.547738693467,-412944814.682464,-511745997.300499,-76923.825946321,-4480.60224414688,-26943.7590272127,10.3670053784459,0.938808580715787,3.22453450743239,0.971693753534372,0.290848677135333,0.96285858555583,0.35157297234655,0.647831254078676,1.08548616717747,55.0850784239287,-244.149422719998,1.69940459381735e-15,-163.369783977212,42.4794538127534,2.23814094642508e-13
658.060301507538,-413832238.248251,-514293015.775551,-77045.8420738017,-4481.99166333252,-26977.4261553549,10.3986758656679,0.940349739855477,3.23155849344815,0.972980537000148,0.291282675689746,0.962709958917565,0.351580341541805,0.647811495804745,1.08526934569656,55.740722426129,-243.825079233433,2.37370226116048e-13,-163.634512411716,42.3162383342697,1.05673525041348e-12
660.572864321608,-414727930.845643,-516872033.094377,-77167.9568703949,-4483.37849421795,-27011.0782347858,10.4304190802498,0.941891783001098,3.23858971230489,0.974267104206309,0.291716626298352,0.962561980067587,0.351587683114787,0.6477918146244,1.0850534796283,56.4911134450619,-243.409578253061,2.38078252519329e-16,-163.900632828028,42.1531564671489,-4.86108998172951e-15
663.085427135678,-415632527.753602,-519483519.140506,-77290.1717238932,-4484.76275888416,-27044.7156660452,10.4622354992201,0.943434721353425,3.24562824491258,0.975553469375751,0.292150533584609,0.962414643700413,0.35159499727353,0.647772209945202,1.0848385611017,57.3841345100085,-242.854867076545,1.22829218346986e-14,-164.168144726858,41.990217726211,-1.95041838081803e-14
665.597989949749,-416547004.937521,-522127950.618523,-77412.4880192875,-4486.14447918948,-27078.3388468614,10.4941256011198,0.944978566096768,3.25267417207794,0.976839646644526,0.292584402144628,0.962267944574079,0.351602284223718,0.64775268118149,1.08462458234039,58.5319272236661,-242.048063140485,-3.26725973359231e-14,-164.437047562989,41.8274315209263,-3.02691714956719e-13
668.110552763819,-417473401.374885,-524805811.14808,-77534.9071388873,-4487.52367677293,-27111.9481721998,10.5260898660332,0.946523328399628,3.25972757451117,0.978125650063464,0.293018236547688,0.962121877509145,0.351609544168723,0.647733227754273,1.08441153566111,60.4289873105535,-240.48975584377,6.91414132449014e-15,-164.707340744019,41.6648071549312,4.92854084159562e-13
670.62311557789,-418416278.369734,-527517591.358993,-77657.430462441,-4488.9003730574,-27145.5440343112,10.5581287756187,0.948069019415353,3.2667885328326,0.97941149359977,0.293452041336744,0.961976437387713,0.35161677730964,0.647713849091137,1.0841994134723,62.0135375770192,-239.231737433287,-0.05077278262949,-164.979023629116,41.502353825568,5.41207945704311e-14
673.13567839196,-419369251.780758,-530263788.987438,-77780.0593672539,-4490.27458925295,-27179.1268227795,10.5902428131392,0.949615650282778,3.27385712757927,0.980697191138594,0.293885821028932,0.961831619152469,0.351623983845319,0.64769454462614,1.08398820827258,62.3660570342586,-239.221000408032,0.0757097740843929,-165.252095527789,41.3400806234478,-1.13240768674972e-13
675.64824120603,-420323045.012955,-533044908.973265,-77902.7952283048,-4491.64634635984,-27212.6969245678,10.6224324634932,0.951163232126871,3.28093343921143,0.981982756484582,0.294319580116053,0.961687417805738,0.3516311639724,0.647675313799717,1.08377791264943,62.0269562536704,-239.901604620648,-0.00797089378106084,-165.52655569866,41.1779965320375,1.3358106510832e-13
678.160804020101,-421288508.682131,-535861463.558421,-78025.6394183621,-4493.01566517169,-27246.2547240646,10.6546982132448,0.952711776059366,3.28801754811898,0.983268203363392,0.294753323065066,0.961543828408566,0.351638317885345,0.647656156058585,1.08356851927775,62.1851143244716,-240.092283615167,-0.0736649833477909,-165.802403348266,41.0161104272693,2.05698976716543e-13
680.673366834171,-422264806.624276,-538713972.38651,-78148.5933080975,-4494.38256627849,-27279.8006031289,10.6870405506551,0.954261293179398,3.29510953462783,0.984553545423195,0.295187054318558,0.96140084607981,0.351645445776469,0.647637070855649,1.08336002091852,62.4780314405671,-240.148859220149,0.120580243175856,-166.079637629853,40.8544310771753,7.64059572154752e-16
683.185929648241,-423227580.55382,-541602962.603474,-78271.6582661994,-4495.74707006957,-27313.3349411346,10.7194599657119,0.955811794574127,3.30220947900624,0.985838796236153,0.295620778295218,0.961258465995252,0.351652547835975,0.64761805764991,1.08315241041751,61.9159551926637,-241.062069376247,0.0862208424358456,-166.358257642203,40.6929671415442,-1.16570039096898e-13
685.698492462312,-424212439.714266,-544528968.959437,-78394.8356594842,-4497.10919673652,-27346.8581150142,10.7519569501611,0.95736329131936,3.30931746147103,0.987123969299865,0.296054499390299,0.961116683386723,0.351659624251981,0.647599115906375,1.08294568070393,61.9159551926637,-241.062069376247,0.0862208424358456,-166.638262428463,40.5317271716017,-2.07795195619987e-14
688.211055276382,-425196280.311028,-547492533.911678,-78518.1268530075,-4498.46896627607,-27380.3704993017,10.7845319975365,0.95891579448017,3.31643356219376,0.988409078038805,0.296488221976072,0.960975493541253,0.351666675210551,0.64758024509597,1.08273982478918,61.8790082391388,-241.805706184352,-0.228133260514789,-166.919650974997,40.3707196097158,-8.13060952780031e-14
690.723618090452,-426211424.362933,-550494207.728785,-78641.5332101725,-4499.8263984929,-27413.8724661747,10.8171856031911,0.96046931511151,3.32355786130688,0.989694135805723,0.296921950402277,0.960834891800231,0.351673700895728,0.647561444695453,1.08253483576558,62.3825165713512,-241.663749413084,0.00620147704490529,-167.202422210243,40.2099527891233,1.48148886820165e-14
693.236180904523,-427188622.58615,-553534548.595962,-78765.0560928394,-4501.18151300243,-27447.3643854968,10.8499182643269,0.962023864258819,3.33069043890978,0.99097915588304,0.297355688996563,0.960694873558578,0.351680701489559,0.647542714187325,1.08233070680516,61.8007151465412,-242.601895143929,-0.0532990802387443,-167.4865750036,40.0494349336818,-1.04485545069386e-13
695.748743718593,-428192321.931302,-556614122.721521,-78888.6968614314,-4502.53432923353,-27480.8466248576,10.8827304800261,0.963579452958628,3.33783137507483,0.992264151484207,0.297789442064926,0.960555434263944,0.351687677172127,0.647524053059751,1.08212743115844,61.7160601785969,-243.048630585477,-0.128135333013096,-167.772108164316,39.889174157644,-8.63195793561097e-15
698.261306532663,-429207759.345144,-559733504.444559,-79012.4568750419,-4503.88486643119,-27514.3195496138,10.9156227512814,0.965136092239162,3.34498074985326,0.99354913575506,0.298223213892135,0.960416569415912,0.351694628121576,0.647505460806476,1.08192500215325,61.7246882323069,-243.400547706432,0.288377753816136,-168.059020440407,39.7291784654558,1.37275522997972e-12
700.773869346734,-430263228.544036,-562893276.343822,-79136.3374915385,-4505.23314365917,-27547.7835229285,10.9485955810267,0.966693793120935,3.35213864328117,0.994834121775139,0.298657008742159,0.960278274565222,0.351701554514145,0.647486936926745,1.08172341319355,62.2766111578267,-243.229879618801,0.350618052481975,-168.34731051758,39.5694557515779,1.7661439888058e-12
703.286432160804,-431320938.653996,-566094029.347774,-79260.3400676678,-4506.57917980256,-27581.2389058106,10.9816494741676,0.968252566617341,3.3593051353853,0.996119122559001,0.29909083085858,0.960140545313004,0.351708456524185,0.647468480925221,1.08152265775835,62.6625424754505,-243.223894717965,0.455500534597478,-168.636977018187,39.4100138003302,2.37711146111885e-14
705.798994974874,-432391329.873064,-569336362.845884,-79384.465959158,-4507.92299357035,-27614.6860571533,11.0147849376123,0.969812423735249,3.36648030618887,0.997404151057505,0.299524684465009,0.960003377310034,0.351715334324196,0.647450092311913,1.08132272940051,63.0578516005216,-243.189356156948,0.48410071813337,-168.928018500186,39.2508602857607,-3.24831640396712e-11
708.311557788945,-433333153.697301,-572620884.801114,-79508.7165208213,-4509.26460349791,-27648.1253337716,11.0480024803021,0.971373375475581,3.37366423571733,0.998689220159084,0.299958573765484,0.959866766255994,0.351722188084848,0.647431770602093,1.08112362174569,61.6652175983077,-244.939431984012,0.411434562128616,-169.220433456124,39.0920027715362,-2.56906894088582e-13
710.824120603015,-434418148.191655,-575948211.863649,-79633.0931066545,-4510.60402794944,-27681.5570904404,11.0813026132424,0.972935432833895,3.38085700400407,0.999974342690995,0.300392502944875,0.959730707898751,0.351729017975007,0.647413515316224,1.08092532849127,62.089789614475,-244.909028734989,0.397902655078906,-169.514220312146,38.9334487108573,-2.3904299924351e-11
713.336683417085,-435422768.471169,-579318969.485849,-79757.5970699401,-4511.94128512038,-27714.9816799307,11.1146858495333,0.974498606800969,3.38805869109608,1.00125953142056,0.300826476169278,0.959595198033648,0.35173582416176,0.64739532597989,1.08072784340528,61.4653905576917,-245.894456130992,0.184283937326617,-169.809377427012,38.7752054463966,-4.15428353451491e-12
715.849246231156,-436534321.624456,-582733792.038459,-79882.2297633449,-4513.27639303982,-27748.3994530462,11.1481527044005,0.976062908363366,3.3952693770596,1.00254479905636,0.301260497586398,0.959460232502808,0.351742606810445,0.647377202123715,1.08053116032536,61.9594443601949,-245.774982276142,0.24291241862282,-170.10590309114,38.6172802102591,-1.63713961625412e-12
718.361809045226,-437655823.585424,-586193322.92805,-80006.9925390188,-4514.60936957279,-27781.8107586589,11.1817036952263,0.977628348504014,3.40248914198565,1.00383015824947,0.301694571325939,0.959325807194449,0.351749366084666,0.647359143283299,1.08033527315775,62.3711313002045,-245.634997269175,0.245422402606773,-170.403795525672,38.4596801239668,1.31555917666704e-11
720.874371859297,-438633596.062575,-589698214.715737,-80131.8867486928,-4515.94023242255,-27815.2159437445,11.2153393415806,0.979194938202767,3.40971806599561,1.00511562159463,0.302128701499976,0.959191918042215,0.351756102146326,0.647341148999147,1.08014017587628,61.4091270879037,-247.089320072168,0.256155999316128,-170.703052881551,38.3024121984652,1.24837387996149e-12
723.386934673367,-439780879.735435,-593249129.237155,-80256.9137437755,-4517.2689991329,-27848.6153534167,11.249060165252,0.980762688436975,3.41695622924671,1.00640120163139,0.302562892203333,0.959058561024517,0.351762815155647,0.647323218816596,1.0799458625214,61.9549465680469,-246.95556583749,0.243724876745026,-171.003673238632,38.145483334154,1.11187488270415e-13
725.899497487437,-440935936.104029,-596846737.72371,-80382.0748754493,-4518.59568709034,-27882.0093309617,11.2828666902786,0.982331610182041,3.42420371193747,1.00768691084528,0.302997147513944,0.958925732163884,0.351769505271192,0.647305352285755,1.07975232719917,62.4349010842174,-246.872999235788,0.250561494715831,-171.305654604802,37.988900320939,4.03201101730145e-12
728.412060301508,-442107307.6427,-600491720.925116,-80507.3714947659,-4519.92031352628,-27915.3982178722,11.3167594429797,0.983901714411984,3.43146059431317,1.00897276166894,0.303431471493225,0.958793427526326,0.351776172649891,0.647287548961431,1.07955956408038,62.9447488608411,-246.788588132292,0.244806999253631,-171.608994915126,37.8326698383084,-5.18503933665163e-13
730.924623115578,-443279654.556485,-604184769.233226,-80632.804952741,-4521.24289551918,-27948.7823538798,11.350738951987,0.985473012099991,3.4387269566712,1.01025876648328,0.303865868186423,0.958661643220715,0.351782817447058,0.647269808403068,1.07936756739956,63.2585355506184,-246.707072206425,0.257637352184498,-171.913692031021,37.6767984554305,9.93547186344286e-12
733.437185929648,-444114517.047866,-607926582.807154,-80758.376600448,-4522.56344999666,-27982.1620769886,11.3848057482756,0.987045514218972,3.44600287936643,1.0115449376185,0.304300341622974,0.958530375398166,0.351789439816421,0.647252130174684,1.07917633145409,61.1338271438402,-249.321481370059,0.371026197199776,-172.219743739441,37.5212926312743,9.70843730331989e-13
735.949748743719,-445289390.165241,-611717871.699717,-80884.0877891115,-4523.88199373758,-28015.537723507,11.4189603651959,0.98861923174211,3.45328844281653,1.01283128735527,0.304734895816854,0.958399620251438,0.351796039910137,0.647234513844803,1.07898585060331,61.34126947594,-249.220233308192,0.331699290984451,-172.527147752093,37.3661587147527,-7.42402066799351e-13
738.462311557789,-446533871.356787,-615559355.985179,-81009.9398701998,-4525.19854337406,-28048.9096280799,11.4532033385053,0.990194175643408,3.46058372750728,1.01411782792575,0.305169534766919,0.958269374014341,0.351802617878814,0.647216958986399,1.07879611926762,62.2100837865557,-249.119791503213,0.673078195706443,-172.835901704673,37.2114029448875,4.87487281857408e-12
740.974874371859,-447658652.761824,-619451765.88833,-81135.9341955168,-4526.51311539352,-28082.2781237198,11.4875352063994,0.991770356898235,3.46788881399781,1.0154045715147,0.305604262457247,0.958139632961154,0.351809173871538,0.647199465176832,1.07860713192759,62.0738492731212,-249.691724124535,0.355239792837331,-173.146003156122,37.0570314509967,-9.29352488013049e-14
743.48743718593,-448871351.194093,-623395841.914893,-81262.0721172935,-4527.82572614065,-28115.6435418379,11.5219565095444,0.993347786483864,3.47520378292582,1.01669153026046,0.306039082857474,0.958010393406057,0.351815708035885,0.64718203199779,1.07841888312319,62.281005239071,-249.61919814025,0.334966744641698,-173.457449587911,36.9030502529043,1.36746025266746e-12
746,-449835738.493365,-627392334.983266,-81388.3549882787,-4529.13639181933,-28149.0062122747,11.5564677911084,0.994926475380018,3.48252871501283,1.01797871625607,0.306473999923125,0.957881651702563,0.351822220517946,0.647164659035226,1.07823136745284,61.1330752351794,-251.344671226262,0.673579337426502,-173.770238403344,36.749465261171,1.11232210933021e-13
